/3
170, 204, 236, 265, 291,
312, 328, 337, 341, 337,
328, 312, 291, 265, 236,
204, 170, 137, 105, 76,
50, 29, 13, 3, 0,
3, 13, 29, 50, 76,
105, 137

*0.3
153, 183, 212, 238, 261, 281,
295, 303, 306, 303, 295, 281,
261, 238, 212, 183, 153, 123,
94, 68, 45, 26, 12, 3, 0, 3, 
12, 26, 45, 68, 94, 123


Sinusoide 
512,583,652,720,783,840,892,936,
971,998,1015,1023,1020,1008,986,954,
915,867,812,752,686,618,547,476,
405,337,271,211,156,108,69,37,
15,3,0,8,25,52,87,131,
183,240,303,371,440,512

30%
153.600006, 174.899994, 195.600006, 216.000000, 234.899994,
 252.000000, 267.600006, 280.799988, 291.299988, 299.399994,
 304.500000, 306.899994, 306.000000, 302.399994, 295.799988,
 286.200012, 274.500000, 260.100006, 243.600006, 225.600006,
 205.800003, 185.399994, 164.100006, 142.800003, 121.500000,
 101.099998, 81.300003, 63.299999, 46.799999, 32.400002,
 20.700001, 11.100000, 4.500000, 0.900000, 0.000000,
 2.400000, 7.500000, 15.600000, 26.100000, 39.299999,
 54.900002, 72.000000, 90.900002, 111.300003, 132.000000

154,175,196,216,235,
252,248,281,291,299,
305,307,306,302,296,
286,275,260,244,226,
206,185,164,143,122,
101,81,63,47,32,
21,11,5,1,0,2,8,16,
26,39,55,72,91,111,132


80%
    410, 467, 523, 576, 627, 673, 714, 749, 778,
    799, 813, 819, 817, 807, 789, 764, 732, 694, 
    650, 602, 550, 495, 438, 381, 324, 270, 217,
    169, 125, 87 , 55 , 30 , 12 , 2  , 0  , 6  ,   
    20 , 41 , 70 , 105, 146, 193, 243, 297, 353


